 -7.200  -7.500 -15.600 #A1
 -7.200  -4.967 -15.567 #A2
 -7.200  -2.433 -15.533 #A3
 -7.200   0.100 -15.500 #A4
 -7.067   2.467 -15.400 #A5
 -6.933   4.833 -15.300 #A6
 -6.800   7.200 -15.200 #A7

 -4.800  -7.533 -15.600 #B1
 -4.800  -5.000 -15.567 #B2
 -4.800  -2.467 -15.533 #B3
 -4.800   0.067 -15.500 #B4
 -4.667   2.433 -15.400 #B5
 -4.533   4.800 -15.300 #B6
 -4.400   7.167 -15.200 #B7

 -2.400  -7.567 -15.600 #C1
 -2.400  -5.033 -15.567 #C2
 -2.400  -2.500 -15.533 #C3
 -2.400   0.033 -15.500 #C4
 -2.267   2.400 -15.400 #C5
 -2.133   4.767 -15.300 #C6
 -2.000   7.133 -15.200 #C7

  0.000  -7.600 -15.600 #D1
  0.000  -5.067 -15.567 #D2
  0.000  -2.533 -15.533 #D3
  0.000   0.000 -15.500 #D4
  0.133   2.367 -15.400 #D5
  0.267   4.733 -15.300 #D6
  0.400   7.100 -15.200 #D7

  2.533  -7.667 -15.633 #E1
  2.533  -5.133 -15.600 #E2
  2.533  -2.600 -15.567 #E3
  2.533  -0.067 -15.533 #E4
  2.667   2.300 -15.433 #E5
  2.800   4.667 -15.333 #E6
  2.933   7.033 -15.233 #E7

  5.067  -7.733 -15.667 #F1
  5.067  -5.200 -15.633 #F2
  5.067  -2.667 -15.600 #F3
  5.067  -0.133 -15.567 #F4
  5.200   2.233 -15.467 #F5
  5.333   4.600 -15.367 #F6
  5.467   6.967 -15.267 #F7

  7.600  -7.800 -15.700 #G1
  7.600  -5.267 -15.667 #G2
  7.600  -2.733 -15.633 #G3
  7.600  -0.200 -15.600 #G4
  7.733   2.167 -15.500 #G5
  7.867   4.533 -15.400 #G6
  8.000   6.900 -15.300 #G7

