  0.000   0.000   0.000 #A1
  0.000   0.000   0.000 #A2
  0.000   0.000   0.000 #A3
  0.000   0.000   0.000 #A4
  0.000   0.000   0.000 #A5
  0.000   0.000   0.000 #A6
  0.000   0.000   0.000 #A7

  0.000   0.000   0.000 #B1
 -0.300   0.300   0.000 #B2
  0.000   0.000   0.000 #B3
  0.000   0.000   0.000 #B4
  0.000   0.000   0.000 #B5
  0.000  -0.200  -0.100 #B6
  0.000   0.000   0.000 #B7

 -0.100   0.200   0.000 #C1
  0.000   0.000   0.000 #C2
  0.000   0.000   0.000 #C3
  0.000   0.000   0.000 #C4
  0.000   0.000   0.000 #C5
  0.000   0.000   0.000 #C6
  0.000   0.000   0.000 #C7

  0.000   0.000   0.000 #D1
  0.000   0.000   0.000 #D2
  0.000   0.000   0.000 #D3
  0.100   0.000   0.000 #D4
  0.000   0.000  -0.100 #D5
  0.000   0.000   0.000 #D6
  0.000   0.000   0.000 #D7

  0.000   0.000   0.000 #E1
  0.000   0.000   0.000 #E2
  0.000   0.000   0.000 #E3
  0.000   0.000   0.000 #E4
 -0.100   0.000  -0.100 #E5
 -0.100   0.100   0.000 #E6
  0.000   0.200   0.000 #E7

  0.000   0.000   0.000 #F1
  0.000   0.000   0.000 #F2
  0.000   0.000   0.000 #F3
  0.000   0.000   0.000 #F4
 -0.200   0.000  -0.100 #F5
 -0.200   0.400   0.000 #F6
  0.000   0.000   0.000 #F7

  0.000   0.000   0.000 #G1
  0.000   0.000   0.000 #G2
 -0.000  -0.100   0.000 #G3
  0.000   0.000   0.000 #G4
  0.000   0.000   0.000 #G5
  0.000   0.000   0.000 #G6
  0.000   0.000   0.000 #G7

